10 0
32 1
33 2
34 3
35 4
36 5
37 6
38 7
39 8
40 9
41 10
42 11
43 12
44 13
45 14
46 15
47 16
48 17
49 18
50 19
51 20
52 21
53 22
54 23
55 24
56 25
57 26
58 27
59 28
60 29
61 30
62 31
63 32
64 33
65 34
66 35
67 36
68 37
69 38
70 39
71 40
72 41
73 42
74 43
75 44
76 45
77 46
78 47
79 48
80 49
81 50
82 51
83 52
84 53
85 54
86 55
87 56
88 57
89 58
90 59
91 60
92 61
93 62
94 63
95 64
96 65
97 66
98 67
99 68
100 69
101 70
102 71
103 72
104 73
105 74
106 75
107 76
108 77
109 78
110 79
111 80
112 81
113 82
114 83
115 84
116 85
117 86
118 87
119 88
120 89
121 90
122 91
123 92
124 93
125 94
126 95
128 96
129 96
3 96
130 96
4 96
131 96
132 96
133 96
134 96
8 96
135 96
136 96
137 96
138 96
139 96
140 96
141 96
142 96
143 96
144 96
145 96
146 96
147 96
148 96
149 96
150 96
151 96
152 96
26 96
153 96
154 96
155 96
156 96
157 96
158 96
159 96
160 96
161 97
162 97
163 97
164 97
165 97
166 97
167 97
168 97
169 97
170 97
171 97
172 97
173 97
174 97
175 97
176 97
177 97
178 97
179 97
180 97
181 97
182 97
183 97
184 97
185 97
186 97
187 97
188 97
189 97
190 97
191 97
192 98
194 98
195 98
196 98
197 98
198 98
200 98
201 98
203 98
204 98
205 98
206 98
207 98
208 98
209 98
210 98
211 98
213 98
214 98
215 98
216 98
217 98
219 98
221 98
223 98
224 98
225 98
226 98
227 98
228 98
229 98
230 98
231 98
232 98
233 98
234 98
236 98
237 98
238 98
239 98
240 98
241 98
243 98
246 98
247 98
248 98
249 98
250 98
252 98
253 98
